1   64193
2   51763
3   34783
4   13660
5   12927
6   12724
7   10421
8   9840
9   8997
10  8995
11  8854
12  8473
13  8235
14  7830
15  7379
16  7032
17  7013
18  6659
19  6617
20  6430
21  6141
22  6057
23  5638
24  5474
25  4600
26  4523
27  4446
28  4420
29  4368
30  4096
31  3999
32  3997
33  3983
34  3932
35  3909
36  3843
37  3827
38  3657
39  3530
40  2970
41  2835
42  2829
43  2776
44  2772
45  2750
46  2685
47  2643
48  2613
49  2565
50  2383
51  2370
52  2301
53  2264
54  2259
55  2169
56  2142
57  2093
58  2026
59  2024
60  2022
61  2015
62  1994
63  1972
64  1969
65  1853
66  1802
67  1798
68  1787
69  1771
70  1734
71  1718
72  1703
73  1690
74  1668
75  1653
76  1616
77  1615
78  1583
79  1511
80  1492
81  1466
82  1452
83  1445
84  1405
85  1402
86  1400
87  1395
88  1385
89  1356
90  1326
91  1262
92  1237
93  1236
94  1228
95  1210
96  1198
97  1179
98  1169
99  1163
100 1125
101 1070
102 1068
103 1065
104 1059
105 1056
106 1041
107 1011
108 1008
109 1006
110 987
111 986
112 982
113 979
114 973
115 971
116 962
117 949
118 938
119 929
120 917
121 916
122 911
123 906
124 896
125 883
126 879
127 874
128 874
129 869
130 863
131 859
132 837
133 834
134 830
135 830
136 812
137 811
138 797
139 785
140 764
141 764
142 755
143 750
144 738
145 725
146 724
147 720
148 717
149 703
150 698
151 687
152 686
153 683
154 672
155 669
156 666
157 655
158 649
159 641
160 640
161 634
162 623
163 613
164 611
165 611
166 600
167 596
168 590
169 587
170 582
171 565
172 563
173 558
174 555
175 551
176 549
177 548
178 547
179 546
180 542
181 538
182 538
183 527
184 525
185 520
186 513
187 507
188 505
189 505
190 502
191 501
192 499
193 497
194 494
195 492
196 489
197 485
198 484
199 484
200 478
201 476
202 476
203 475
204 466
205 465
206 465
207 464
208 463
209 462
210 458
211 451
212 451
213 448
214 448
215 447
216 447
217 444
218 443
219 442
220 434
221 429
222 424
223 423
224 420
225 417
226 416
227 416
228 409
229 405
230 404
231 402
232 400
233 400
234 397
235 396
236 396
237 392
238 389
239 382
240 378
241 372
242 369
243 367
244 367
245 366
246 366
247 364
248 364
249 364
250 364
251 364
252 363
253 363
254 361
255 358
256 358
257 357
258 348
259 348
260 346
261 345
262 344
263 342
264 340
265 339
266 338
267 338
268 336
269 335
270 333
271 333
272 331
273 330
274 328
275 328
276 324
277 321
278 320
279 320
280 320
281 319
282 314
283 313
284 310
285 309
286 307
287 304
288 302
289 302
290 300
291 299
292 296
293 294
294 293
295 292
296 291
297 291
298 290
299 290
300 288
301 287
302 287
303 287
304 287
305 286
