0.480275039033
0.622979103793
0.502917525753
0.229336501088
0.892144985814
0.905147142239
0.914473921332
0.920755581821
0.500591817774
0.0688540214533
0.599542253298
0.877546940639
0.237837969398
0.53507681366
0.200526733131
0.144555759889
0.0661264753055
0.689563130398
0.310959825381
0.770184741918
0.61897003966
0.986758930938
0.911198182935
0.95673005608
0.272673571445
0.648786978649
0.828070136214
0.659476235768
0.4115878785
0.271792181318
0.707886388698
0.769409978784
0.454282238596
0.0681083005097
0.217703202021
0.091921133128
0.325346307858
0.412802195964
0.312701650398
0.61400846459
0.387989193951
0.435147402466
0.0055999403562
0.903003127193
0.177232706358
0.713850977059
0.927414357493
0.372555014263
0.354064326737
0.000867031117721
0.0946049486179
0.837913325365
0.405734012289
0.678816469475
0.247880914831
0.266601990143
0.134703747841
0.977557150228
0.267710338152
0.469892546916
0.248010246343
0.678718537998
0.809041296566
0.0329005978415
0.718357351999
0.997675299079
0.998228712015
0.203858900251
0.908722754273
0.756386233713
0.156216242979
0.908925138689
0.684157359213
0.914038880697
0.30364529177
0.501027973542
0.671737757257
0.196811544909
0.94305169832
0.592875477855
0.347939620629
0.566492499343
0.591308251631
0.69210183357
0.0818555178701
0.312223351471
0.892664284635
0.533111805286
0.492747715139
0.00269268111675
0.0749711412868
0.97138378934
0.129112429362
0.300668053397
0.556079211338
0.299827251887
0.161918372307
0.917397669968
0.674168551452
0.385103972145
0.372568919608
0.341231029732
0.805752199969
0.0565763851888
0.220163890352
0.201651908132
0.711205935964
0.234327612161
0.231342071792
0.904113437001
0.888112828849
0.344554206032
0.365803580128
0.979334823384
0.726453710856
0.0892029764847
0.739893623326
0.969499735432
0.719810149534
0.868909872609
0.237280871597
0.604788853451
0.89287082575
0.476864772171
0.400043515302
0.67640177012
0.157383657495
0.702945880329
0.693523950037
0.611626655349
0.244509435678
0.763778119032
0.358926728706
0.652165096546
0.75672491102
0.725404865489
0.849608193573
0.612079057642
0.823642031922
0.905256690906
0.55942961654
0.482912951687
0.164259794451
0.320568350996
0.858690274285
0.425569655949
0.167485709383
0.814184313138
0.197221299017
0.695146000089
0.46611989282
0.951615912768
0.625652929742
0.783505878074
0.489520927135
0.968145919571
0.278126813377
0.463986906637
0.0312947888443
0.119470631308
0.340016526676
0.777516373514
0.24681714894
0.669957849583
0.0342007400532
0.697610310283
0.840770549257
0.664921175114
0.214437116421
0.94724803052
0.191019432368
0.635539265547
0.22770513793
0.989669424608
0.865711016294
0.556541231548
0.434654450263
0.31733263714
0.591604368056
0.719429149283
0.846228611021
0.525398276648
0.734727059407
0.849119109972
0.479607266125
0.800385079059
0.61029918663
0.24756819213
0.976237800467
0.176616995017
0.209662547181
0.627874373521
0.68080270297
0.8307091491
0.0194961085304
0.929747905881
0.118776621103
0.401667552346
0.155646444175
0.614019919042
0.575195934863
0.380981376625
0.622309998304
0.574195519617
0.719322762418
0.00137191976813
0.0767088199102
0.825119230083
0.887294869038
0.205160305091
0.444282855922
0.174577828515
0.967779493568
0.674362669329
0.160237200906
0.878083617655
0.169302772967
0.279427404732
0.5541573273
0.687862633125
0.973528199974
0.30849102288
0.854593117553
0.62135020769
0.756983756786
0.780474559784
0.174423866486
0.367801893321
0.578365372936
0.647080281665
0.156559633894
0.231339473459
0.95078705342
0.755927373964
0.414748852497
0.649725539319
0.961731915859
0.0275722036201
0.030831786257
0.732092693168
0.0312191256653
0.0729336597709
0.396200461384
0.982986563075
0.157693371627
0.299617717983
0.773056429387
0.220523480228
0.582849658655
0.913262547501
0.238949477984
0.933369977078
0.924465314612
0.915256393432
0.665001879757
0.398949276928
0.238162701345
0.506096894878
0.0479556039923
0.891536533523
0.284615245659
0.691034870542
0.404074930397
0.762782065338
0.946964390359
0.290670850335
0.180481412002
0.278760817301
0.793415122352
0.678551070772
0.17910759301
0.812319852629
0.0070556829939
0.952904714897
0.666972847794
0.326860868407
0.516706582218
0.693689140173
0.466815620071
0.699018808919
0.873655369831
0.599693226143
0.369201919849
0.113071375697
0.255464044382
0.176089416538
0.00689973834673
0.880615407017
0.100191673404
0.0601053627971
0.807629134871
0.25838112649
0.506907037118
0.142621170563
0.556333009662
0.79364861537
0.850385109752
0.591049379238
0.805301806887
0.0445054823652
0.671282004082
0.537631124172
0.524469299696
0.558440421086
0.8386828582
0.369203921854
0.404503936898
0.903502829912
0.607992028861
0.126417950522
0.232423968599
0.0482992069556
0.255239249179
0.341000355823
0.0439451208707
0.0848814896928
0.44880278603
0.715488072449
0.95928673459
0.530728041714
0.328212469873
0.584520863934
0.327909357628
0.460106752456
0.329494203353
0.204856319471
0.405386012267
0.327177958418
0.460327116283
0.825857787032
0.890110243578
0.591052591031
0.0519524952981
0.513756906249
0.368577519886
0.471419790401
0.742254201851
0.744964108374
0.772376382804
0.49281610021
0.89412030945
0.237699789929
0.295304295905
0.258516332914
0.30351294633
0.727026525886
0.294624093855
0.9339519736
0.267230401105
0.386550394472
0.050055615656
0.189772396487
0.267519324133
0.826887368193
0.873026997188
0.10963135884
0.766808368268
0.547906124071
0.708085231566
0.467011634241
0.692717884874
0.18641024683
0.265109495885
0.62333845988
0.280862902067
0.331926921763
0.0859547458451
0.354233451847
0.708798274116
0.72664729133
0.14540397087
0.749006960485
0.450310554674
0.971061274831
0.246755161066
0.251465209832
0.0969474894334
0.887321559104
0.822656954615
0.32376106988
0.646939877019
0.110597870131
0.240795200449
0.853666477274
0.853184855317
0.0296123460832
0.961934349461
0.930836271666
0.879805769899
0.283805184381
0.44127185968
0.293817814372
0.601385822534
0.410516060331
0.747256993825
0.0698982082409
0.70056313064
0.385815631113
0.100454303217
0.162908658107
0.63276878556
0.388121141699
0.241485022749
0.703071228641
0.3432287498
0.350973666418
0.214581570032
0.710496469046
0.126663592842
0.704172357914
0.237088538575
0.874128910571
0.795591333917
0.608352023851
0.184472030019
0.666224508981
0.136014900626
0.353390876784
0.857646956487
0.677690816486
0.283017146307
0.724283440892
0.7855877255
0.656253340089
0.020902398622
0.173418588543
0.107501134796
0.701802057901
0.027830909164
0.466508296147
0.35438940706
0.163196872106
0.360156016753
0.149877414154
0.960168004021
0.592085268044
0.173113190976
0.812980933732
0.541997455623
0.39874719913
0.22586059232
0.535494832715
0.0600408693216
0.652613233261
0.00580381166837
0.736605580084
0.486370388341
0.0886078070977
0.444575428561
0.597227141148
0.795823397387
0.147242351067
0.418354356698
0.344601584602
0.585267759372
0.930612366337
0.804701336545
0.425047124761
0.998235444723
0.122410108558
0.547100979603
0.777290183972
0.116020030126
0.00989620936101
0.0288382259484
0.00315326442933
0.876389937116
0.533359888315
0.656024924658
0.939698586789
0.684905841351
0.889478312545
0.781119579506
0.135971092317
0.302221189229
0.100024701238
0.345914895394
0.152055982567
0.700731902882
0.913086305635
0.611076323851
0.586589556463
0.371836100694
0.304120534654
0.698364667424
0.140861894726
0.471817451548
0.292646268521
0.173352087502
0.0108818866319
0.940988903468
0.268096318603
0.776346183886
0.672036930238
0.30939911599
0.187702814116
0.419430411971
0.57067264164
0.759834075739
0.815963857297
0.771041322448
0.300489777513
0.476645775139
0.759699941848
0.958321795492
0.694720041305
0.516288327236
0.708853695362
0.787832342513
0.57252908452
0.629885989601
0.417161420122
0.94936550998
0.909515434586
0.295457229395
0.359843573433
0.00164170387477
0.358287323866
0.739350789844
0.910332839088
0.767794860304
0.495854446465
0.994037558548
0.994206673187
0.0342731042795
0.157491715451
0.634140439135
0.253204118402
0.347195824487
0.509558789709
0.00964641627403
0.420850147304
0.256263574578
0.778051437375
0.760212264775
0.419013985752
0.574007861439
0.297531799429
0.321090308671
0.181619341855
0.992138336474
0.241620457945
0.0464491272513
0.758233066577
0.330122707355
0.729801065776
0.0202749744371
0.821962684045
0.0332834607271
0.315722879914
0.111176443657
0.709117509016
0.446064474096
0.448725982483
0.305417712273
0.203251045359
0.800959014996
0.947742606697
0.408039669243
0.10494612518
0.346895273241
0.913689736708
0.984334741998
0.558640673641
0.922007533804
0.786052763061
0.509870797951
0.401062097637
0.709264530194
0.590575552363
0.12142479966
0.73330032023
0.683272508542
0.0503511798509
0.963381516647
0.310096119831
0.349149520378
0.924033317279
0.841546652346
0.99237961893
0.955509943279
0.835512254679
0.568584588796
0.148117396617
0.776168568418
0.510185226658
0.209091136057
0.767333176739
0.527526234697
0.883856312962
0.457141539419
0.839226511401
0.290937132276
0.00525444558034
0.749625958035
0.233124839615
0.4185019545
0.369846377336
0.599886468922
0.595172437891
0.847580017668
0.772290676643
0.913593188929
0.318560826923
0.526827020568
0.3438962064
0.110250311043
0.305576691061
0.450692109771
0.648615475716
0.864929052328
0.996329934634
0.432762438383
0.985018954626
0.785866063566
0.870950607443
0.999391030524
0.266070104893
0.431572602733
0.0213912736113
0.0354544884117
0.70904543252
0.839826730687
0.408130176136
0.559608208252
0.000783968195107
0.840108203513
0.686861947195
0.445527348419
0.989654444319
0.644423931844
0.319005887697
0.82744585053
0.862024875063
0.822439906487
0.984636802188
0.70183691186
0.655067211408
0.826303222542
0.296800716631
0.960521620081
0.0756493310269
0.128391078732
0.626721212014
0.267206388721
0.804698573471
0.661690220881
0.381644715431
0.25492474831
0.143997201682
0.100479381511
0.737524503179
0.947167425103
0.579761102993
0.784794888693
0.670898226896
0.795593789225
0.557174149059
0.221375061905
0.190274089586
0.82927279342
0.087223621103
0.927937549754
0.511467567785
0.161008030062
0.669656766878
0.849075035389
0.905148196772
0.849300522662
0.587890382835
0.391313590342
0.13308426508
0.580924702021
0.512413080857
0.468692927688
0.355326916258
0.345834694756
0.649791002027
0.636003354662
0.165809794753
0.539081690179
0.289142487769
0.0231429858814
0.865745902371
0.328459383225
0.818843134656
0.433486821645
0.124072718047
0.75380271115
0.713902165319
0.320780471534
0.581761349718
0.739821741074
0.25897683214
0.304878136787
0.0950897860395
0.850500865002
0.454148109098
0.830162315726
0.358424029393
0.207612460225
0.965071178928
0.12075695209
0.61278757102
0.231188075648
0.180592825868
0.399163496607
0.111974171725
0.68128397759
0.434341056837
0.342557870251
0.0998070718621
0.0963177183671
0.835248521119
0.41124902946
0.447209284368
0.00991513997858
0.959467616998
0.0283236578947
0.47080355146
0.140429004808
0.171199058735
0.911019670917
0.392462714624
0.274201750609
0.225873487997
0.956566826162
0.321725424682
0.708541023203
0.598271936903
0.0350174249683
0.575377347738
0.824810333388
0.925978667148
0.579523804997
0.701737135466
0.0591853305617
0.51934009032
0.988841940767
0.294760340373
0.582610202091
0.156711836434
0.0671295221512
0.110150174188
0.711561742586
0.334357859847
0.719918521956
0.567550963799
0.980385633071
0.31452515422
0.230560265552
0.0710978658048
0.17528825641
0.316361826071
0.450154363537
0.248522033739
0.405381577794
0.295915025997
0.62606055336
0.613427614657
0.508403455078
0.666819333553
0.586765747782
0.304622260575
0.357489725634
0.864460756321
0.888492555984
0.123128540168
0.534645592827
0.0453557323493
0.709492921735
0.95077749311
0.991699161378
0.341122459183
0.499382512178
0.551027755965
0.302418331893
0.660573328301
0.0164133508795
0.28819888194
0.28564976865
0.226579653553
0.795650205263
0.0467418658998
0.582220303139
0.907297925064
0.219033960217
0.907795524989
0.728536684002
0.720788501494
0.333597967575
0.383628454879
0.866990438757
0.685806407432
0.600378627907
0.229044725241
0.466614853259
0.426773795208
0.922676818535
0.296797410155
0.858221113911
0.763837979453
0.604878824794
0.625042759849
0.0480677004185
0.135658859953
0.311588519302
0.407847631755
0.238614506369
0.930388763115
0.987327984282
0.905688190676
0.1363367047
0.581887313788
0.187235412228
0.0258447847664
0.117524170609
0.359291675802
0.144679965066
0.804964117454
0.134407882061
0.381626623314
0.676112304125
0.726074746906
0.286337451266
0.546716910048
0.726323846355
0.790550123621
0.441482759145
0.109152110133
0.93523787754
0.505056965006
0.440860917079
0.108738753482
0.821020881189
0.962584516395
0.663926068119
0.805083853629
0.0925598753354
0.80528748923
0.696868138267
0.535544353524
0.0187163160442
0.117563724165
0.217083382062
0.2631167113
0.476434566176
0.143129227565
0.539190979316
0.109484001939
0.646265517102
0.143685238888
0.421679646775
0.333310667975
0.249427539699
0.811418872005
0.622607823557
0.572797776137
0.458137132306
0.549271516735
0.130598208599
0.105901077332
0.33355985056
0.368961236829
0.595798796485
0.446794650459
0.614827839706
0.992260968833
0.579576670536
0.671196057935
0.871117529745
0.937227489371
0.306233986094
0.414768296818
0.21066097829
0.41513742451
0.901726725684
0.625908480798
0.361910085489
0.266802428079
0.613376782954
0.999198831502
0.249107284913
0.14588223443
0.898705680081
0.106026687037
0.173350746617
0.93899189695
0.132625789124
0.410366062142
0.949512402646
0.460340358598
0.333422669289
0.867618850628
0.650036702742
0.686418251
0.546413584575
0.502580911827
0.562429232983
0.84541446774
0.86102679643
0.653387336457
0.010289398905
0.983823207054
0.609000770897
0.384147102205
0.565827372844
0.777951894384
0.421044606483
0.946311594397
0.0606181523827
0.134470093779
0.187642777222
0.442978078566
0.436159445368
0.0889974440231
0.837833752433
0.603255353081
0.29526371425
0.849447094674
0.164151395506
0.24293123956
0.717484528508
0.00584899200587
0.0886335450545
0.926502794526
0.818343613106
0.857386265505
0.0126429901596
0.416967903411
0.146571124317
0.103161940109
0.406644148637
0.785756463896
0.0714453274887
0.683863382206
0.0572714988514
0.230237600331
0.390905043633
0.634000588387
0.754639018453
0.712428921321
0.0915205389639
0.398753992812
0.625122452061
0.491598822085
0.186763607161
0.658985823366
0.534517526986
0.0309721635659
0.399402306335
0.742412516334
0.423963566644
0.15641125934
0.887824542394
0.308913896883
0.678640421227
0.493569390555
0.860152174624
0.952454388517
0.313878011351
0.700266244156
0.336820854395
0.665148921768
0.770121880643
0.727836351491
0.827513560025
0.720409629709
0.00429887101496
0.440921955568
0.592540326906
0.604684571295
0.358809368042
0.3422915821
0.244548286223
0.63578841203
0.145224480461
0.582083834716
0.898036143519
0.648863011592
0.737102456944
0.594365744177
0.680506323733
0.447232517613
0.422920656516
0.250657913782
0.122274600868
0.934358986618
0.105512711398
0.161371686798
0.437359506389
0.156627347714
0.399029191248
0.21743963214
0.974502456329
0.602735048677
0.930946036043
0.803693684761
0.706283723351
0.557036271472
