1.69902773595
1.4985704086
1.8674410882
0.820755323932
1.41189465567
1.76025413669
1.99849069027
1.37933957867
0.712274668496
0.885206704749
0.848874394256
0.845288385835
0.679200995005
1.90720374236
0.252024128685
0.507904302545
0.694072303639
1.18561672855
1.74266304689
0.614074235485
1.24946450538
1.57289047076
1.89798880157
0.95807920418
0.772171553154
1.60336878955
0.181432979211
0.450354054131
1.59968032213
1.47681760049
0.212624359867
1.07726594133
0.0133972383135
0.4820003939
0.660480332086
1.92030169656
0.107132236025
0.618215765279
1.36763014119
0.536898636826
0.906902140462
0.844834137523
1.48310503968
0.204433254196
1.84625071856
1.27890148007
1.91240474241
1.55529117767
1.86277991883
0.111101688135
0.883185395721
1.9822513843
0.550239653681
0.452151708492
1.27564197807
0.614844988676
0.109399353348
0.515430353686
1.22380729642
1.42896776583
1.34972516462
1.42157398842
1.23862783243
1.60898491743
0.91760618104
0.293699329387
1.84352722787
0.0777171045604
0.0144657471335
0.186210547856
1.49253392006
0.432568961303
0.0387201723788
1.77639145677
0.915313029096
0.998554597714
1.19886964489
0.568176673625
0.689731648094
1.81902991406
0.996485177869
0.68517188768
1.86301715649
0.802949200639
1.14631479892
1.86769856085
0.0742095728812
0.972977211197
1.39946960857
1.4062183869
0.116419239408
1.62107722924
0.104913382868
1.19980458713
0.602440172768
1.54105286113
0.891901632867
1.78894101885
0.83817975153
0.92901124639
0.402018171611
1.60837107509
0.777753078668
0.586913941984
1.24959306697
1.80505245526
1.1124054481
0.890294803666
1.49521772872
1.60138044129
0.221573983234
0.0910211007547
0.0301806711824
0.356878131307
0.236170756823
1.70447574584
0.0026319865003
1.09529162277
1.03036991221
1.17771077822
1.86792383385
0.121840106242
0.243627746349
1.98064937273
0.286857041078
0.388380723153
0.954996762924
0.794201546173
0.689218934808
1.74049232377
1.62462236936
1.13008097101
0.854331599105
0.557452932589
1.26961218639
1.32035173627
0.688609423845
0.705830317435
0.0248764891278
1.77192326264
0.944231049954
0.98144043777
1.33887511887
0.849994335648
0.205351029255
0.735797149039
0.376740799314
0.365698606051
1.89743917273
0.502448963404
1.98149734775
1.35284181795
1.35493877777
0.285324537006
0.534506536719
0.700691091622
0.324700854242
1.3252784306
0.146168440672
0.978235515471
0.597909680195
0.367170284212
0.506385273015
1.33643380958
1.45343205243
1.57846065244
0.211008885995
1.99750107832
1.07962184231
0.2565806556
0.361475317105
1.02204286297
1.86818810938
1.1594176291
0.836147248957
1.08704431165
1.64561520393
0.671130853456
1.19900827646
0.560263404882
1.10384153078
1.89633279307
0.39303237736
1.27573939725
0.521177732372
0.438880857736
0.57868791424
0.0417511226256
0.728045748465
0.765758045461
0.773926120438
0.608526929186
1.47877446723
0.187663765506
1.80099380942
0.415096516756
1.67043619929
0.618819960682
0.201286246162
0.0885413824648
1.59634293019
1.72749502146
0.547226828295
1.42824239567
1.09995159843
0.307471277172
0.0923202638153
0.629879079531
0.150596692005
1.88766403943
1.58705614622
1.44749587495
1.69675812978
0.580214608986
1.99666013101
0.470539305752
1.16345090346
1.56017345293
1.33904960897
0.528777072496
0.789785840045
0.638948065684
1.91058495776
0.854581837074
0.493467635573
0.614173107191
1.16774906214
0.986511621939
0.249621078249
0.606474767595
0.733616627231
0.615786627343
1.71679925308
1.01461314205
1.42470038741
0.46412605807
0.957052359992
1.87183406798
1.56909533843
1.9544856182
1.31734090337
1.89318515845
0.682069031154
0.110046103877
1.4823246185
0.457622630806
1.09262273788
1.85675092684
0.0721048141947
1.5331745319
0.38381878212
0.971048068507
0.919413491635
0.555840473527
0.0619314304906
1.58814985115
0.293941613896
1.67035318686
0.24885424634
0.144025244907
0.885196229764
0.0759158356281
0.0483624195288
1.5271865971
0.263801176245
1.4466993041
0.337427113526
1.63193991393
1.82413377239
1.66768682594
1.73578779359
0.485627105107
1.92406840294
1.28517575033
1.34634356903
1.65810993632
0.742313499713
1.2856178602
1.05508663391
0.81534184397
0.799067150229
1.06062460189
0.543002604131
0.930433882158
0.122471999546
0.246175165621
0.665357359584
1.45986768506
0.817228923214
1.60392503238
1.37567268459
1.79671888497
0.769727263846
1.68583156741
0.719141418888
0.966138628146
0.938923150913
1.03842685126
0.00558112591461
0.949428476997
0.0727079190518
1.27970369445
1.64909802888
0.812899353193
1.4263536046
0.0834888215191
0.579158429182
1.36428734298
1.11121789872
1.98534741446
0.379510286001
1.05847304279
0.391878267156
0.906194658444
1.27114450409
0.956779147731
0.496669959044
1.67933099284
1.42727884007
1.23447165048
1.02576966913
1.50191134596
1.56454406717
1.47643537699
1.69295076036
0.828849120473
0.0344505246208
1.92193274483
0.532316754916
1.11076972656
1.68985122198
1.68643304815
0.636580245802
0.0260861844055
0.0747621098284
0.813196326032
0.419638482746
0.32677874092
0.242755939085
1.79222132823
1.66516620658
0.185004758799
1.64680748504
1.04313294621
1.54887187208
0.296004348836
1.88777502023
1.80241404046
1.59138914168
0.19822389842
0.224019773485
0.221667678119
1.20505325112
1.0315512072
0.632499475558
1.32916916113
1.13902180588
0.552834219374
0.492962805323
0.055281075371
0.452306839584
1.0965796573
1.00537486018
1.63578287871
0.131406575616
1.63795017897
0.905123218548
0.344471800097
0.75136096792
1.07284176892
0.139043921885
0.961904880675
1.92677668267
1.18850487185
0.254417420592
0.341351166008
0.263339293422
1.33682550512
0.192826130505
1.61055959285
0.104072249303
1.17903108223
1.71757982606
1.34859935588
0.55772438142
0.483544846967
1.15027133492
0.186110615202
1.69183795361
1.58192770934
1.24436347359
1.11628249408
0.281832221517
0.441988656716
1.74713805786
1.7262324605
1.3005264632
0.317564503722
0.516075641873
0.852770944605
0.589650529019
0.569432339516
1.94815649431
1.84312124644
1.8584021638
0.0989971387436
0.598395318532
0.839495428349
1.35681059995
1.18624664202
0.427084028269
1.91983961763
1.5905986986
1.07589289633
0.447513404544
1.69661202653
0.30559737939
0.195508831644
0.534742441095
1.60296218175
0.358682943115
1.87333586056
1.54512973957
0.301669462425
0.47370743359
0.348642026273
0.329062425871
1.14184283075
0.372641526917
0.840449696959
0.276716481214
0.0207490323621
1.24477997368
0.452437611976
1.43244289865
0.754120206323
1.80325465942
1.01062689229
0.719550125467
0.545704637262
1.89707768615
1.51944941348
0.207171404567
1.47040184815
0.0721024641654
1.28885281586
0.349619628904
0.287026334653
1.4667157938
1.81615593056
0.936953406891
0.787844255766
1.87955575369
0.673294915508
0.725894607069
1.31366439637
0.0802556438798
0.283792202234
0.309705408753
0.0345613157802
0.582645366172
0.55300648479
0.0582358459124
0.218598523024
0.381998408816
0.0106525760499
0.54882185096
1.52512954487
1.91641407189
1.19939626467
1.37376246631
1.29139071313
1.88315590876
0.348613716893
0.881618289247
0.533412608127
1.90993316984
1.02095451102
1.25154654905
1.23772190185
0.733668527971
0.226647315073
0.384449318994
1.42589616743
0.131260005304
1.40509192374
1.14226441384
1.84821558104
1.42373569188
1.2579714138
0.388147169535
0.167651806621
0.881485908201
0.689691028563
0.700584340953
1.34570746904
0.361018858415
1.18875817892
1.33261499938
0.677600728899
1.95734589404
0.370873862789
0.0762503912741
1.23020651283
1.24123195968
0.566196032824
1.36319509644
0.23469256676
0.110815657251
0.741670095639
1.2000472804
0.015593679741
0.0689255890111
0.148261368373
1.14567262285
0.00295057108445
0.746723206834
1.08830456077
0.891482086137
1.0074988808
0.756508820375
1.74474574503
1.09591285302
0.579077196334
1.22595119688
0.873743642184
1.14508585982
0.998306744776
1.02175289251
0.916283491492
0.768488759363
1.16772974118
0.985633123198
0.150875487387
0.125128220189
1.04029963407
1.03440027803
1.81667947835
1.63849705877
1.48720224392
0.846316765609
0.246775981823
1.68316147296
0.329751504325
1.74802142577
0.551811582421
0.35634878436
1.78723284411
0.630968288796
0.294866465683
1.27468772054
0.0430738945522
1.18722560027
1.81742224516
1.51187760477
0.109920829747
0.118324999882
0.271369113642
1.87930351821
1.02300622863
1.4329993799
1.708885386
1.25073382413
1.19067638754
0.645375560444
1.70267453437
0.604775391676
1.73842712803
0.823229896386
0.129305650918
1.19199753512
1.20580200664
0.896918426949
1.62149322557
0.0816275272996
1.12197331378
0.458180636678
0.567340104896
0.481252911937
0.83183143342
0.652810378392
1.1300332773
0.205270803666
0.0665473439698
1.40322315276
1.19330268918
0.383892092488
1.5340478212
0.642352930073
1.86782901411
1.76194941941
1.13585633498
0.464439840126
0.813974414047
1.83169042878
0.354025066938
1.54576218835
0.58851759068
1.39312586808
1.45827979161
1.42345227336
1.07138556049
0.965419772831
1.55911980931
0.754153785587
0.742009772532
0.161009623026
0.625665589556
0.48819672565
0.598721031493
1.84955297381
1.60237858743
0.444600740675
1.11042518619
0.790254491878
1.28116371046
1.26908467375
0.703360754475
1.12400382094
0.978967595747
0.684633655459
1.72123040486
1.08678917827
1.36278647727
1.42800157952
1.50929930302
1.94195173302
1.59192396237
0.0311775476383
1.47917160914
0.930368714863
0.0066259291799
1.77121759591
0.38315236432
1.62935615889
0.722660427744
1.97289232887
1.53936006204
0.636908306218
1.31825376659
1.43792526643
1.13237284858
0.217802050627
0.974363832954
1.38791903267
1.52472699198
1.31789439773
0.960079225228
1.15049010061
0.925594320527
1.70888702928
1.29929286976
0.0920524018356
1.06539641745
0.565881883721
1.14706690606
1.52088905972
1.5994949508
1.14955512934
0.433500605761
0.219714095342
1.89142858731
0.302823751328
1.27132576721
0.0596453027694
0.343014796123
0.994246843414
0.169478549344
1.22840379555
1.76617168269
0.663697801829
1.78695049456
0.751884922086
1.54284683724
0.538852187903
1.61125803851
0.406972899927
0.66438062533
1.82991106098
1.0142186664
0.0775996581649
1.03145229015
1.84273990667
0.794938790458
1.35539304474
1.91850230134
1.36884071778
1.19238170228
1.2624274354
1.34812492575
1.02133078149
0.0799408763702
1.88376087226
0.141038377069
0.199556635891
0.580493550881
0.0419291717003
1.02474408081
1.7676859811
1.13227799276
0.197667979661
1.69191508539
1.8537511967
1.87042807203
0.104947113024
1.44916791695
0.313609879161
0.493767380617
0.554433039162
1.63849961521
0.377793509783
1.48823851018
0.729637896611
0.879106786298
1.41516434273
1.28490664643
1.97711909685
1.40482775787
0.120854273661
0.703741304123
1.50385118603
1.02539823423
1.79081267675
1.79683641257
1.39961761134
0.463050098556
1.09418149908
1.29525804679
0.689650078429
1.7211146195
1.64844826487
1.23359395433
0.763439788882
1.06082699421
0.194184122847
1.82854758305
0.211666313957
1.10398505804
0.169523010186
0.868584072087
0.789332344774
0.149063223766
0.979004337837
0.899585392477
1.85766610054
1.71683454237
0.502963825812
0.547903186563
1.79430398135
0.959093101859
0.170433913857
1.64947315971
0.46794658257
1.46480412136
0.982689536402
1.15840101305
0.498152058132
0.68314332039
0.0945866643453
1.23431119665
0.220473323307
1.55764798252
0.0186768770617
1.66225700126
1.10674532073
0.859625703125
0.763007851218
0.676860513862
0.993326406289
0.87788878298
1.62997588678
1.85931119516
0.497083924074
1.52458407278
1.65731683381
1.20875098911
1.75743620613
0.547314536092
1.06490827174
0.759726520962
0.760910929377
1.29820414136
0.828272072444
0.309443644236
1.10101348616
0.470718265574
1.76344578104
0.454005008286
0.613985675002
1.66379137766
0.892469985683
0.0934012732671
0.123769881653
0.577568862527
1.62566338496
1.21400647372
0.648028158237
0.143147928326
0.498425379586
1.48048065028
1.35855327259
0.789254745144
0.348922270185
0.780482882627
0.366316561179
0.390363719337
1.58261126792
0.573038408986
0.908591196642
0.746406549718
0.315058522033
1.41514010291
0.783822047998
0.359701628388
0.807421768257
0.944027432532
0.165663313584
0.860706633262
1.35058388296
1.57568325924
0.638357032535
1.47035405472
0.435081508596
1.63000189793
1.57053747633
1.37601777457
1.83487504027
1.53120811181
0.256897970858
0.975328095356
1.83792276566
0.11275149366
1.6467123469
1.99422263615
1.97723716321
1.46177884197
1.04468335019
1.76047587363
1.27683840849
1.75410491788
0.504668718675
1.19275552935
0.172442212853
1.39941957094
0.731828773287
1.85493014161
0.861270039058
0.384211510339
0.6667927337
1.87405013339
1.9855330405
1.1629436301
0.739362408446
0.919389660406
0.583924581648
1.04499096931
1.56246414642
0.944963237583
0.791873559878
1.91954615642
1.00748014099
0.962390283239
0.807992095144
0.177088732598
0.312099442153
1.35774667611
0.46122535493
1.91061944313
0.698828305122
0.216574038225
0.0912719181213
1.94562914957
1.37098834489
0.0973044026705
1.16640129688
1.2149188305
0.166181387058
1.05406395355
0.709264135649
1.55566101389
0.265624340376
0.905058708717
0.917068633236
0.220963414588
0.531379401341
1.52193726113
1.28820906727
0.1033395967
1.58172618857
1.82155084503
0.284754239944
1.49936936613
0.928013194873
0.93381268037
1.18608815435
1.78334043536
1.4927644033
1.7539416786
0.356298503311
1.85748354723
1.4588770827
1.20967611188
0.140950861414
1.37847211529
0.729256623994
1.10093896405
1.92142815243
0.222639921405
1.69509765293
0.0949997107868
0.626051620772
0.211675927443
1.12664082709
0.927455393429
1.48118667335
1.2062078931
0.700445501399
1.53575953744
0.215412597595
1.1237318044
0.589096688573
0.534683067665
0.800696454475
1.85283439487
0.780208677332
1.52068857743
0.882447576195
0.143370810767
1.1794138591
0.79523882215
0.166697320451
0.385280309789
0.392403477968
0.104842765682
0.82828816263
1.44295269203
1.27981513466
0.78367028431
0.881297944287
0.165124965504
0.035782644483
0.156128447005
1.09375584052
0.513118850879
0.0893455082097
1.5973987101
0.101123255792
1.06039832517
1.03594318173
0.938197604796
1.08448811427
0.990609012595
1.43169277385
1.81651479907
0.306695115183
0.199835528254
0.811710009927
1.13649311996
0.452929929651
0.12654267887
0.00612005490155
1.28114835986
1.07471024595
0.854863239734
0.809696108711
1.83538747186
0.896933509557
0.867673607989
0.460129137009
0.200373997734
0.0371596528099
0.323116169095
0.216230772921
1.72551379566
0.682502642746
1.17869806065
1.44280767075
0.399516500531
0.0764088047641
0.57723730274
1.16829745408
0.494540594549
1.80003333214
0.865742845468
0.733644158404
1.6222362889
1.07555334711
1.75496069217
1.99995360521
1.33444733538
0.990534345123
0.803714362843
1.7966325143
0.404431531435
0.175531165615
0.645201885782
0.34545136981
0.883601234719
0.237803175662
0.191902213001
